2.00
4.80
4.17
3.71
3.56
3.30
3.25
3.08
2.93
2.94
2.82
3.35
3.69
3.73
3.67
3.56
3.46
3.37
3.30
3.22
3.15
3.08
3.54
3.47
3.41
3.44
3.55
3.54
3.53
3.47
3.42
3.40
3.35
3.42
3.38
3.33
3.44
3.52
3.47
3.43
3.41
3.41
3.36
3.33
3.39
3.41
3.38
3.46
3.46
3.42
3.41
3.41
3.38
3.36
3.33
3.38
3.37
3.34
3.31
3.30
3.33
3.44
3.41
3.39
3.38
3.38
3.40
3.40
3.45
3.54
3.63
3.65
3.66
3.70
3.67
3.64
3.64
3.69
3.68
3.65
3.63
3.63
3.60
3.59
3.57
3.55
3.54
3.51
3.49
3.47
3.45
3.51
3.50
3.48
3.47
3.50
3.54
3.52
3.52
3.50
3.53
3.56
3.56
3.58
3.60
3.61
3.61
3.62
3.63
3.61
3.59
3.58
3.64
3.63
3.61
3.62
3.60
3.65
3.64
3.74
3.74
3.72
3.73
3.71
3.70
3.69
3.68
3.66
3.65
3.65
3.63
3.63
3.62
3.65
3.66
3.66
3.70
3.68
3.67
3.65
3.65
3.63
3.64
3.66
3.70
3.73
3.71
3.71
3.73
3.73
3.74
3.72
3.71
3.73
3.74
3.76
3.78
3.76
3.76
3.75
3.75
3.73
3.72
3.74
3.73
3.72
3.70
3.70
3.71
3.69
3.68
3.69
3.68
3.67
3.80
3.80
3.79
3.88
3.88
3.88
3.87
3.88
3.87
3.85
3.84
3.83
3.84
3.85
3.83
3.82
3.78
3.77
3.77
3.76
3.75
3.74
3.75
3.74
3.77
3.78
3.80
3.79
3.81
3.79
3.79
3.78
3.79
3.84
3.83
3.82
3.84
3.84
3.85
3.84
3.92
3.93
3.89
3.89
3.87
3.85
3.84
3.88
3.86
3.87
3.83
3.85
3.87
3.86
3.85
3.85
3.86
3.87
3.86
3.86
3.84
3.86
3.86
3.87
3.86
3.86
3.87
3.99
4.02
4.05
4.05
4.05
4.05
4.05
4.03
4.06
4.05
4.03
4.02
4.06
4.05
4.05
4.04
4.05
4.04
3.96
3.96
3.96
3.94
3.93
3.93
3.93
3.94
3.94
3.97
3.96
3.94
3.96
3.98
3.98
4.01
4.02
4.01
4.02
4.04
4.03
4.03
4.01
4.01
4.05
4.04
4.02
4.03
4.04
4.04
4.04
4.04
4.05
4.04
4.02
4.03
4.04
4.02
4.01
3.97
3.96
3.95
3.95
3.99
4.00
3.98
3.98
3.96
3.95
3.94
3.95
3.96
3.96
3.94
3.93
3.95
3.93
3.88
3.87
3.89
3.91
3.90
3.89
3.86
3.86
3.90
3.90
3.99
4.00
4.03
4.01
4.01
4.00
4.00
3.99
3.95
3.98
3.97
3.96
3.92
3.91
3.91
3.93
3.92
3.91
3.90
3.89
3.88
3.88
3.89
3.87
3.87
3.88
3.86
3.87
3.86
3.87
3.88
3.88
3.87
3.89
3.89
3.88
3.89
3.89
3.88
3.86
3.86
3.88
3.86
3.85
3.86
3.86
3.86
3.88
3.89
3.90
3.89
3.88
3.87
3.87
3.89
3.88
3.79
3.78
3.71
3.70
3.70
3.69
3.68
3.69
3.68
3.71
3.70
3.72
3.71
3.75
3.76
3.75
3.76
3.78
3.77
3.77
3.76
3.81
3.81
3.80
3.77
3.77
3.76
3.75
3.76
3.81
3.82
3.84
3.84
3.79
3.78
3.77
3.69
3.68
3.67
3.70
3.72
3.71
3.70
3.72
3.71
3.68
3.68
3.69
3.70
3.69
3.68
3.68
3.68
3.70
3.71
3.70
3.70
3.71
3.70
3.67
3.67
3.61
3.60
3.58
3.57
3.57
3.56
3.59
3.58
3.58
3.61
3.60
3.59
3.54
3.54
3.53
3.52
3.51
3.50
3.56
3.53
3.52
3.55
3.53
3.54
3.53
3.57
3.58
3.59
3.55
3.55
3.54
3.50
3.50
3.52
3.52
3.51
3.50
3.50
3.49
3.51
3.50
3.54
3.57
3.57
3.53
3.57
3.57
3.62
3.64
3.77
3.77
3.93
3.98
4.02
4.02
4.02
4.06
4.06
4.06
4.07
4.09
4.09
4.07
4.06
4.07
4.05
4.04
4.05
4.04
4.03
3.95
3.95
3.94
3.94
3.94
4.04
4.08
4.08
4.07
4.07
4.10
4.10
4.11
4.11
4.11
4.13
4.13
4.14
4.13
4.14
4.12
4.12
4.15
4.14
4.13
4.11
4.10
4.10
4.08
4.10
4.11
4.11
4.15
4.15
4.14
4.17
4.15
4.19
4.18
4.17
4.18
4.16
4.15
4.17
4.33
4.34
4.35
4.36
4.41
4.40
4.38
4.39
4.41
4.39
4.41
4.39
4.34
4.34
4.35
4.34
4.33
4.34
4.35
4.33
4.33
4.33
4.34
4.33
4.35
4.35
4.33
4.39
4.41
4.41
4.41
4.36
4.34
4.35
4.35
4.37
4.38
4.36
4.36
4.44
4.42
4.42
4.41
4.41
4.42
4.40
4.40
4.41
4.40
4.42
4.41
4.44
4.43
4.43
4.44
4.48
4.47
4.47
4.45
4.44
